      0.0000      0.0000
     -0.8944     -1.7889
      0.0000      0.0000
      5.0000      0.0000
      4.1056     -1.7889
      5.0000      0.0000
     10.0000      0.0000
      9.1056     -1.7889
     10.0000      0.0000
     15.0000      0.0000
     14.1056     -1.7889
     15.0000      0.0000
     20.0000      0.0000
     19.1056     -1.7889
     20.0000      0.0000
     25.0000      0.0000
     24.1056     -1.7889
     25.0000      0.0000
     30.0000      0.0000
     29.1056     -1.7889
     30.0000      0.0000
     35.0000      0.0000
     34.1056     -1.7889
     35.0000      0.0000
     40.0000      0.0000
     39.1056     -1.7889
     40.0000      0.0000
     45.0000      0.0000
     44.1056     -1.7889
     45.0000      0.0000
     50.0000      0.0000
     49.1056     -1.7889
     50.0000      0.0000
     55.0000      0.0000
     54.1056     -1.7889
     55.0000      0.0000
     60.0000      0.0000
     59.1056     -1.7889
     60.0000      0.0000
     65.0000      0.0000
     64.1056     -1.7889
     65.0000      0.0000
     70.0000      0.0000
     69.1056     -1.7889
     70.0000      0.0000
     75.0000      0.0000
     74.1056     -1.7889
     75.0000      0.0000
     80.0000      0.0000
     79.1056     -1.7889
     80.0000      0.0000
     85.0000      0.0000
     84.1056     -1.7889
     85.0000      0.0000
     90.0000      0.0000
     89.1056     -1.7889
     90.0000      0.0000
     95.0000      0.0000
     94.1056     -1.7889
     95.0000      0.0000
    100.0000      0.0000
     99.1056     -1.7889
    100.0000      0.0000
      0.0000      0.0000
     -0.8944      1.7889
      0.0000      0.0000
      2.5000      4.3301
      1.6056      6.1190
      2.5000      4.3301
      5.0000      8.6603
      4.1056     10.4491
      5.0000      8.6603
      7.5000     12.9904
      6.6056     14.7792
      7.5000     12.9904
     10.0000     17.3205
      9.1056     19.1094
     10.0000     17.3205
     12.5000     21.6506
     11.6056     23.4395
     12.5000     21.6506
     15.0000     25.9808
     14.1056     27.7696
     15.0000     25.9808
     17.5000     30.3109
     16.6056     32.0997
     17.5000     30.3109
     20.0000     34.6410
     19.1056     36.4299
     20.0000     34.6410
     22.5000     38.9711
     21.6056     40.7600
     22.5000     38.9711
     25.0000     43.3013
     24.1056     45.0901
     25.0000     43.3013
     27.5000     47.6314
     26.6056     49.4203
     27.5000     47.6314
     30.0000     51.9615
     29.1056     53.7504
     30.0000     51.9615
     32.5000     56.2917
     31.6056     58.0805
     32.5000     56.2917
     35.0000     60.6218
     34.1056     62.4106
     35.0000     60.6218
     37.5000     64.9519
     36.6056     66.7408
     37.5000     64.9519
     40.0000     69.2820
     39.1056     71.0709
     40.0000     69.2820
     42.5000     73.6122
     41.6056     75.4010
     42.5000     73.6122
     45.0000     77.9423
     44.1056     79.7311
     45.0000     77.9423
     47.5000     82.2724
     46.6056     84.0613
     47.5000     82.2724
     50.0000     86.6025
     49.1056     88.3914
     50.0000     86.6025
    100.0000      0.0000
    102.0000      0.0000
    100.0000      0.0000
     97.5000      4.3301
     99.5000      4.3301
     97.5000      4.3301
     95.0000      8.6603
     97.0000      8.6603
     95.0000      8.6603
     92.5000     12.9904
     94.5000     12.9904
     92.5000     12.9904
     90.0000     17.3205
     92.0000     17.3205
     90.0000     17.3205
     87.5000     21.6506
     89.5000     21.6506
     87.5000     21.6506
     85.0000     25.9808
     87.0000     25.9808
     85.0000     25.9808
     82.5000     30.3109
     84.5000     30.3109
     82.5000     30.3109
     80.0000     34.6410
     82.0000     34.6410
     80.0000     34.6410
     77.5000     38.9711
     79.5000     38.9711
     77.5000     38.9711
     75.0000     43.3013
     77.0000     43.3013
     75.0000     43.3013
     72.5000     47.6314
     74.5000     47.6314
     72.5000     47.6314
     70.0000     51.9615
     72.0000     51.9615
     70.0000     51.9615
     67.5000     56.2917
     69.5000     56.2917
     67.5000     56.2917
     65.0000     60.6218
     67.0000     60.6218
     65.0000     60.6218
     62.5000     64.9519
     64.5000     64.9519
     62.5000     64.9519
     60.0000     69.2820
     62.0000     69.2820
     60.0000     69.2820
     57.5000     73.6122
     59.5000     73.6122
     57.5000     73.6122
     55.0000     77.9423
     57.0000     77.9423
     55.0000     77.9423
     52.5000     82.2724
     54.5000     82.2724
     52.5000     82.2724
     50.0000     86.6025
     52.0000     86.6025
     50.0000     86.6025
