   1.000   1.980
   2.000   3.920
   3.000   5.820
   4.000   7.680
   5.000   9.500
   6.000  11.280
   7.000  13.020
   8.000  14.720
   9.000  16.380
  10.000  18.000
  11.000  19.580
  12.000  21.120
  13.000  22.620
  14.000  24.080
  15.000  25.500
  16.000  26.880
  17.000  28.220
  18.000  29.520
  19.000  30.780
  20.000  32.000
  21.000  33.180
  22.000  34.320
  23.000  35.420
  24.000  36.480
  25.000  37.500
  26.000  38.480
  27.000  39.420
  28.000  40.320
  29.000  41.180
  30.000  42.000
  31.000  42.780
  32.000  43.520
  33.000  44.220
  34.000  44.880
  35.000  45.500
  36.000  46.080
  37.000  46.620
  38.000  47.120
  39.000  47.580
  40.000  48.000
  41.000  48.380
  42.000  48.720
  43.000  49.020
  44.000  49.280
  45.000  49.500
  46.000  49.680
  47.000  49.820
  48.000  49.920
  49.000  49.980
  50.000  50.000
  51.000  49.980
  52.000  49.920
  53.000  49.820
  54.000  49.680
  55.000  49.500
  56.000  49.280
  57.000  49.020
  58.000  48.720
  59.000  48.380
  60.000  48.000
  61.000  47.580
  62.000  47.120
  63.000  46.620
  64.000  46.080
  65.000  45.500
  66.000  44.880
  67.000  44.220
  68.000  43.520
  69.000  42.780
  70.000  42.000
  71.000  41.180
  72.000  40.320
  73.000  39.420
  74.000  38.480
  75.000  37.500
  76.000  36.480
  77.000  35.420
  78.000  34.320
  79.000  33.180
  80.000  32.000
  81.000  30.780
  82.000  29.520
  83.000  28.220
  84.000  26.880
  85.000  25.500
  86.000  24.080
  87.000  22.620
  88.000  21.120
  89.000  19.580
  90.000  18.000
  91.000  16.380
  92.000  14.720
  93.000  13.020
  94.000  11.280
  95.000   9.500
  96.000   7.680
  97.000   5.820
  98.000   3.920
  99.000   1.980
 100.000   0.000
